$ANSIBLE_VAULT;1.1;AES256
62386435373535373630326235646132323365343561313031313263366136353363373636343165
6335376362663535356436643638663964633066633466660a656164343737343863663438373265
61316134633130313033313133623765383037346538366435373865336333313738666236393063
3533396663366239360a656264393333386466653834646339373532653639663361323533613535
34633230326666366262613636663033643433353761306536666639643831323966306661313362
39653237653938343835366331643531336533373635626562386237343339323266333561326262
62623431346438333461323136646363653661313531383661333836643265306563313164333835
66623232643661656530663834646365353236376165643337393163373838623665303531643932
65393164383963643034343338316463336438666636373139633066613761613234666265633431
31663335663363303339633631663162333166323439636135326261323364636262383563333561
33346431313330306634356534353839636138323364363564646232636566303839663764373261
35663337386233356666343564306162393534343834396530346530343764333330666135393238
35623466663666666439613431323632663731316664393665616163303666376531303262616437
34376465313737616532633234313966313065353831323235666661386430616166386132343166
61343163383839333435666437633863623162393366623232373961393163656334306334663136
61383731333835356139313337653461306438633239616666616331396130633237613330666533
35383531656533616366326637623963666264333533343233653563623932623134393533323235
31366661623437326436616265353866616661626466396262313836366465363634623435663661
64373265643835373534643837636634366639343630346461336561313437356235356537396239
38306336396633633538326338363364663164616132353832336233336464306638393361306530
33376539323331316262363930616438333330373164356231353232393762303736306239343437
31343866623164303439623435616262313434346137663165653134393333323238646165323737
36313039343266653461626136323237636264336365653433646137383361363561353232366261
63376331373230663135376431316337656663396330393537353463303262376539376161633134
64653836353336336665386234396439323736633061306134306566623336396463
